3
10
17
24
31
38
45
52
59
66
73
80
87
94
101
108
115
122
129
136
143
150
157
164
171
178
185
192
199
206
213
220
227
234
241
248
255
262
269
276
283
290
297
304
311
318
325
332
339
346
353
360
367
374
381
388
395
402
409
416
423
430
437
444
451
458
465
472
479
486
493
500
507
514
521
528
535
542
549
556
563
570
577
584
591
598
605
612
619
626
633
640
647
654
661
668
675
682
689
696
703
710
717
724
731
738
745
752
759
766
773
780
787
794
801
808
815
822
829
836
843
850
857
864
871
878
885
892
899
906
913
920
927
934
941
948
955
962
969
976
983
990
997
1004
1011
1018
1025
1032
1039
1046
1053
1060
1067
1074
1081
1088
1095
1102
1109
1116
1123
1130
1137
1144
1151
1158
1165
1172
1179
1186
1193
1200
1207
1214
1221
1228
1235
1242
1249
1256
1263
1270
1277
1284
1291
1298
1305
1312
1319
1326
1333
1340
1347
1354
1361
1368
1375
1382
1389
1396
1403
1410
1417
1424
1431
1438
1445
1452
1459
1466
1473
1480
1487
1494
1501
1508
1515
1522
1529
1536
1543
1550
1557
1564
1571
1578
1585
1592
1599
1606
1613
1620
1627
1634
1641
1648
1655
1662
1669
1676
1683
1690
1697
1704
1711
1718
1725
1732
1739
1746
1753
1760
1767
1774
1781
1788
1795
1802
1809
1816
1823
1830
1837
1844
1851
1858
1865
1872
1879
1886
1893
1900
1907
1914
1921
1928
1935
1942
1949
1956
1963
1970
1977
1984
1991
1998
2005
2012
2019
2026
2033
2040
2047
2054
2061
2068
2075
2082
2089
2096
2103
2110
2117
2124
2131
2138
2145
2152
2159
2166
2173
2180
2187
2194
2201
2208
2215
2222
2229
2236
2243
2250
2257
2264
2271
2278
2285
2292
2299
2306
2313
2320
2327
2334
2341
2348
2355
2362
2369
2376
2383
2390
2397
2404
2411
2418
2425
2432
2439
2446
2453
2460
2467
2474
2481
2488
2495
2502
2509
2516
2523
2530
2537
2544
2551
2558
2565
2572
2579
2586
2593
2600
2607
2614
2621
2628
2635
2642
2649
2656
2663
2670
2677
2684
2691
2698
2705
2712
2719
2726
2733
2740
2747
2754
2761
2768
2775
2782
2789
2796
2803
2810
2817
2824
2831
2838
2845
2852
2859
2866
2873
2880
2887
2894
2901
2908
2915
2922
2929
2936
2943
2950
2957
2964
2971
2978
2985
2992
2999
3006
3013
3020
3027
3034
3041
3048
3055
3062
3069
3076
3083
3090
3097
3104
3111
3118
3125
3132
3139
3146
3153
3160
3167
3174
3181
3188
3195
3202
3209
3216
3223
3230
3237
3244
3251
3258
3265
3272
3279
3286
3293
3300
3307
3314
3321
3328
3335
3342
3349
3356
3363
3370
3377
3384
3391
3398
3405
3412
3419
3426
3433
3440
3447
3454
3461
3468
3475
3482
3489
3496
3503
3510
3517
3524
3531
3538
3545
3552
3559
3566
3573
3580
3587
3594
3601
3608
3615
3622
3629
3636
3643
3650
3657
3664
3671
3678
3685
3692
3699
3706
3713
3720
3727
3734
3741
3748
3755
3762
3769
3776
3783
3790
3797
3804
3811
3818
3825
3832
3839
3846
3853
3860
3867
3874
3881
3888
3895
3902
3909
3916
3923
3930
3937
3944
3951
3958
3965
3972
3979
3986
3993
4000
4007
4014
4021
4028
4035
4042
4049
4056
4063
4070
4077
4084
4091
4098
4105
4112
4119
4126
4133
4140
4147
4154
4161
4168
4175
4182
4189
4196
4203
4210
4217
4224
4231
4238
4245
4252
4259
4266
4273
4280
4287
4294
4301
4308
4315
4322
4329
4336
4343
4350
4357
4364
4371
4378
4385
4392
4399
4406
4413
4420
4427
4434
4441
4448
4455
4462
4469
4476
4483
4490
4497
4504
4511
4518
4525
4532
4539
4546
4553
4560
4567
4574
4581
4588
4595
4602
4609
4616
4623
4630
4637
4644
4651
4658
4665
4672
4679
4686
4693
4700
4707
4714
4721
4728
4735
4742
4749
4756
4763
4770
4777
4784
4791
4798
4805
4812
4819
4826
4833
4840
4847
4854
4861
4868
4875
4882
4889
4896
4903
4910
4917
4924
4931
4938
4945
4952
4959
4966
4973
4980
4987
4994
5001
5008
5015
5022
5029
5036
5043
5050
5057
5064
5071
5078
5085
5092
5099
5106
5113
5120
5127
5134
5141
5148
5155
5162
5169
5176
5183
5190
5197
5204
5211
5218
5225
5232
5239
5246
5253
5260
5267
5274
5281
5288
5295
5302
5309
5316
5323
5330
5337
5344
5351
5358
5365
5372
5379
5386
5393
5400
5407
5414
5421
5428
5435
5442
5449
5456
5463
5470
5477
5484
5491
5498
5505
5512
5519
5526
5533
5540
5547
5554
5561
5568
5575
5582
5589
5596
5603
5610
5617
5624
5631
5638
5645
5652
5659
5666
5673
5680
5687
5694
5701
5708
5715
5722
5729
5736
5743
5750
5757
5764
5771
5778
5785
5792
5799
5806
5813
5820
5827
5834
5841
5848
5855
5862
5869
5876
5883
5890
5897
5904
5911
5918
5925
5932
5939
5946
5953
5960
5967
5974
5981
5988
5995
6002
6009
6016
6023
6030
6037
6044
6051
6058
6065
6072
6079
6086
6093
6100
6107
6114
6121
6128
6135
6142
6149
6156
6163
6170
6177
6184
6191
6198
6205
6212
6219
6226
6233
6240
6247
6254
6261
6268
6275
6282
6289
6296
6303
6310
6317
6324
6331
6338
6345
6352
6359
6366
6373
6380
6387
6394
6401
6408
6415
6422
6429
6436
6443
6450
6457
6464
6471
6478
6485
6492
6499
6506
6513
6520
6527
6534
6541
6548
6555
6562
6569
6576
6583
6590
6597
6604
6611
6618
6625
6632
6639
6646
6653
6660
6667
6674
6681
6688
6695
6702
6709
6716
6723
6730
6737
6744
6751
6758
6765
6772
6779
6786
6793
6800
6807
6814
6821
6828
6835
6842
6849
6856
6863
6870
6877
6884
6891
6898
6905
6912
6919
6926
6933
6940
6947
6954
6961
6968
6975
6982
6989
6996
7003
7010
7017
7024
7031
7038
7045
7052
7059
7066
7073
7080
7087
7094
7101
7108
7115
7122
7129
7136
7143
7150
7157
7164
7171
7178
7185
7192
7199
7206
7213
7220
7227
7234
7241
7248
7255
7262
7269
7276
7283
7290
7297
7304
7311
7318
7325
7332
7339
7346
7353
7360
7367
7374
7381
7388
7395
7402
7409
7416
7423
7430
7437
7444
7451
7458
7465
7472
7479
7486
7493
7500
7507
7514
7521
7528
7535
7542
7549
7556
7563
7570
7577
7584
7591
7598
7605
7612
7619
7626
7633
7640
7647
7654
7661
7668
7675
7682
7689
7696
7703
7710
7717
7724
7731
7738
7745
7752
7759
7766
7773
7780
7787
7794
7801
7808
7815
7822
7829
7836
7843
7850
7857
7864
7871
7878
7885
7892
7899
7906
7913
7920
7927
7934
7941
7948
7955
7962
7969
7976
7983
7990
7997
8004
8011
8018
8025
8032
8039
8046
8053
8060
8067
8074
8081
8088
8095
8102
8109
8116
8123
8130
8137
8144
8151
8158
8165
8172
8179
8186
8193
8200
8207
8214
8221
8228
8235
8242
8249
8256
8263
8270
8277
8284
8291
8298
8305
8312
8319
8326
8333
8340
8347
8354
8361
8368
8375
8382
8389
8396
8403
8410
8417
8424
8431
8438
8445
8452
8459
8466
8473
8480
8487
8494
8501
8508
8515
8522
8529
8536
8543
8550
8557
8564
8571
8578
8585
8592
8599
8606
8613
8620
8627
8634
8641
8648
8655
8662
8669
8676
8683
8690
8697
8704
8711
8718
8725
8732
8739
8746
8753
8760
8767
8774
8781
8788
8795
8802
8809
8816
8823
8830
8837
8844
8851
8858
8865
8872
8879
8886
8893
8900
8907
8914
8921
8928
8935
8942
8949
8956
8963
8970
8977
8984
8991
8998
9005
9012
9019
9026
9033
9040
9047
9054
9061
9068
9075
9082
9089
9096
9103
9110
9117
9124
9131
9138
9145
9152
9159
9166
9173
9180
9187
9194
9201
9208
9215
9222
9229
9236
9243
9250
9257
9264
9271
9278
9285
9292
9299
9306
9313
9320
9327
9334
9341
9348
9355
9362
9369
9376
9383
9390
9397
9404
9411
9418
9425
9432
9439
9446
9453
9460
9467
9474
9481
9488
9495
9502
9509
9516
9523
9530
9537
9544
9551
9558
9565
9572
9579
9586
9593
9600
9607
9614
9621
9628
9635
9642
9649
9656
9663
9670
9677
9684
9691
9698
9705
9712
9719
9726
9733
9740
9747
9754
9761
9768
9775
9782
9789
9796
9803
9810
9817
9824
9831
9838
9845
9852
9859
9866
9873
9880
9887
9894
9901
9908
9915
9922
9929
9936
9943
9950
9957
9964
9971
9978
9985
9992
9999
10006
10013
10020
10027
10034
10041
10048
10055
10062
10069
10076
10083
10090
10097
10104
10111
10118
10125
10132
10139
10146
10153
10160
10167
10174
10181
10188
10195
10202
10209
10216
10223
10230
10237
10244
10251
10258
10265
10272
10279
10286
10293
10300
10307
10314
10321
10328
10335
10342
10349
10356
10363
10370
10377
10384
10391
10398
10405
10412
10419
10426
10433
10440
10447
10454
10461
10468
10475
10482
10489
10496
10503
10510
10517
10524
10531
10538
10545
10552
10559
10566
10573
10580
10587
10594
10601
10608
10615
10622
10629
10636
10643
10650
10657
10664
10671
10678
10685
10692
10699
10706
10713
10720
10727
10734
10741
10748
10755
10762
10769
10776
10783
10790
10797
10804
10811
10818
10825
10832
10839
10846
10853
10860
10867
10874
10881
10888
10895
10902
10909
10916
10923
10930
10937
10944
10951
10958
10965
10972
10979
10986
10993
11000
11007
11014
11021
11028
11035
11042
11049
11056
11063
11070
11077
11084
11091
11098
11105
11112
11119
11126
11133
11140
11147
11154
11161
11168
11175
11182
11189
11196
11203
11210
11217
11224
11231
11238
11245
11252
11259
11266
11273
11280
11287
11294
11301
11308
11315
11322
11329
11336
11343
11350
11357
11364
11371
11378
11385
11392
11399
11406
11413
11420
11427
11434
11441
11448
11455
11462
11469
11476
11483
11490
11497
11504
11511
11518
11525
11532
11539
11546
11553
11560
11567
11574
11581
11588
11595
11602
11609
11616
11623
11630
11637
11644
11651
11658
11665
11672
11679
11686
11693
11700
11707
11714
11721
11728
11735
11742
11749
11756
11763
11770
11777
11784
11791
11798
11805
11812
11819
11826
11833
11840
11847
11854
11861
11868
11875
11882
11889
11896
11903
11910
11917
11924
11931
11938
11945
11952
11959
11966
11973
11980
11987
11994
12001
12008
12015
12022
12029
12036
12043
12050
12057
12064
12071
12078
12085
12092
12099
12106
12113
12120
12127
12134
12141
12148
12155
12162
12169
12176
12183
12190
12197
12204
12211
12218
12225
12232
12239
12246
12253
12260
12267
12274
12281
12288
12295
12302
12309
12316
12323
12330
12337
12344
12351
12358
12365
12372
12379
12386
12393
12400
12407
12414
12421
12428
12435
12442
12449
12456
12463
12470
12477
12484
12491
12498
12505
12512
12519
12526
12533
12540
12547
12554
12561
12568
12575
12582
12589
12596
12603
12610
12617
12624
12631
12638
12645
12652
12659
12666
12673
12680
12687
12694
12701
12708
12715
12722
12729
12736
12743
12750
12757
12764
12771
12778
12785
12792
12799
12806
12813
12820
12827
12834
12841
12848
12855
12862
12869
12876
12883
12890
12897
12904
12911
12918
12925
12932
12939
12946
12953
12960
12967
12974
12981
12988
12995
13002
13009
13016
13023
13030
13037
13044
13051
13058
13065
13072
13079
13086
13093
13100
13107
13114
13121
13128
13135
13142
13149
13156
13163
13170
13177
13184
13191
13198
13205
13212
13219
13226
13233
13240
13247
13254
13261
13268
13275
13282
13289
13296
13303
13310
13317
13324
13331
13338
13345
13352
13359
13366
13373
13380
13387
13394
13401
13408
13415
13422
13429
13436
13443
13450
13457
13464
13471
13478
13485
13492
13499
13506
13513
13520
13527
13534
13541
13548
13555
13562
13569
13576
13583
13590
13597
13604
13611
13618
13625
13632
13639
13646
13653
13660
13667
13674
13681
13688
13695
13702
13709
13716
13723
13730
13737
13744
13751
13758
13765
13772
13779
13786
13793
13800
13807
13814
13821
13828
13835
13842
13849
13856
13863
13870
13877
13884
13891
13898
13905
13912
13919
13926
13933
13940
13947
13954
13961
13968
13975
13982
13989
13996
14003
14010
14017
14024
14031
14038
14045
14052
14059
14066
14073
14080
14087
14094
14101
14108
14115
14122
14129
14136
14143
14150
14157
14164
14171
14178
14185
14192
14199
14206
14213
14220
14227
14234
14241
14248
14255
14262
14269
14276
14283
14290
14297
14304
14311
14318
14325
14332
14339
14346
14353
14360
14367
14374
14381
14388
14395
14402
14409
14416
14423
14430
14437
14444
14451
14458
14465
14472
14479
14486
14493
14500
14507
14514
14521
14528
14535
14542
14549
14556
14563
14570
14577
14584
14591
14598
14605
14612
14619
14626
14633
14640
14647
14654
14661
14668
14675
14682
14689
14696
14703
14710
14717
14724
14731
14738
14745
14752
14759
14766
14773
14780
14787
14794
14801
14808
14815
14822
14829
14836
14843
14850
14857
14864
14871
14878
14885
14892
14899
14906
14913
14920
14927
14934
14941
14948
14955
14962
14969
14976
14983
14990
14997
15004
15011
15018
15025
15032
15039
15046
15053
15060
15067
15074
15081
15088
15095
15102
15109
15116
15123
15130
15137
15144
15151
15158
15165
15172
15179
15186
15193
15200
15207
15214
15221
15228
15235
15242
15249
15256
15263
15270
15277
15284
15291
15298
15305
15312
15319
15326
15333
15340
15347
15354
15361
15368
15375
15382
15389
15396
15403
15410
15417
15424
15431
15438
15445
15452
15459
15466
15473
15480
15487
15494
15501
15508
15515
15522
15529
15536
15543
15550
15557
15564
15571
15578
15585
15592
15599
15606
15613
15620
15627
15634
15641
15648
15655
15662
15669
15676
15683
15690
15697
15704
15711
15718
15725
15732
15739
15746
15753
15760
15767
15774
15781
15788
15795
15802
15809
15816
15823
15830
15837
15844
15851
15858
15865
15872
15879
15886
15893
15900
15907
15914
15921
15928
15935
15942
15949
15956
15963
15970
15977
15984
15991
15998
16005
16012
16019
16026
16033
16040
16047
16054
16061
16068
16075
16082
16089
16096
16103
16110
16117
16124
16131
16138
16145
16152
16159
16166
16173
16180
16187
16194
16201
16208
16215
16222
16229
16236
16243
16250
16257
16264
16271
16278
16285
16292
16299
16306
16313
16320
16327
16334
16341
16348
16355
16362
16369
16376
16383
