6
13
20
27
34
41
48
55
62
69
76
83
90
97
104
111
118
125
132
139
146
153
160
167
174
181
188
195
202
209
216
223
230
237
244
251
258
265
272
279
286
293
300
307
314
321
328
335
342
349
356
363
370
377
384
391
398
405
412
419
426
433
440
447
454
461
468
475
482
489
496
503
510
517
524
531
538
545
552
559
566
573
580
587
594
601
608
615
622
629
636
643
650
657
664
671
678
685
692
699
706
713
720
727
734
741
748
755
762
769
776
783
790
797
804
811
818
825
832
839
846
853
860
867
874
881
888
895
902
909
916
923
930
937
944
951
958
965
972
979
986
993
1000
1007
1014
1021
1028
1035
1042
1049
1056
1063
1070
1077
1084
1091
1098
1105
1112
1119
1126
1133
1140
1147
1154
1161
1168
1175
1182
1189
1196
1203
1210
1217
1224
1231
1238
1245
1252
1259
1266
1273
1280
1287
1294
1301
1308
1315
1322
1329
1336
1343
1350
1357
1364
1371
1378
1385
1392
1399
1406
1413
1420
1427
1434
1441
1448
1455
1462
1469
1476
1483
1490
1497
1504
1511
1518
1525
1532
1539
1546
1553
1560
1567
1574
1581
1588
1595
1602
1609
1616
1623
1630
1637
1644
1651
1658
1665
1672
1679
1686
1693
1700
1707
1714
1721
1728
1735
1742
1749
1756
1763
1770
1777
1784
1791
1798
1805
1812
1819
1826
1833
1840
1847
1854
1861
1868
1875
1882
1889
1896
1903
1910
1917
1924
1931
1938
1945
1952
1959
1966
1973
1980
1987
1994
2001
2008
2015
2022
2029
2036
2043
2050
2057
2064
2071
2078
2085
2092
2099
2106
2113
2120
2127
2134
2141
2148
2155
2162
2169
2176
2183
2190
2197
2204
2211
2218
2225
2232
2239
2246
2253
2260
2267
2274
2281
2288
2295
2302
2309
2316
2323
2330
2337
2344
2351
2358
2365
2372
2379
2386
2393
2400
2407
2414
2421
2428
2435
2442
2449
2456
2463
2470
2477
2484
2491
2498
2505
2512
2519
2526
2533
2540
2547
2554
2561
2568
2575
2582
2589
2596
2603
2610
2617
2624
2631
2638
2645
2652
2659
2666
2673
2680
2687
2694
2701
2708
2715
2722
2729
2736
2743
2750
2757
2764
2771
2778
2785
2792
2799
2806
2813
2820
2827
2834
2841
2848
2855
2862
2869
2876
2883
2890
2897
2904
2911
2918
2925
2932
2939
2946
2953
2960
2967
2974
2981
2988
2995
3002
3009
3016
3023
3030
3037
3044
3051
3058
3065
3072
3079
3086
3093
3100
3107
3114
3121
3128
3135
3142
3149
3156
3163
3170
3177
3184
3191
3198
3205
3212
3219
3226
3233
3240
3247
3254
3261
3268
3275
3282
3289
3296
3303
3310
3317
3324
3331
3338
3345
3352
3359
3366
3373
3380
3387
3394
3401
3408
3415
3422
3429
3436
3443
3450
3457
3464
3471
3478
3485
3492
3499
3506
3513
3520
3527
3534
3541
3548
3555
3562
3569
3576
3583
3590
3597
3604
3611
3618
3625
3632
3639
3646
3653
3660
3667
3674
3681
3688
3695
3702
3709
3716
3723
3730
3737
3744
3751
3758
3765
3772
3779
3786
3793
3800
3807
3814
3821
3828
3835
3842
3849
3856
3863
3870
3877
3884
3891
3898
3905
3912
3919
3926
3933
3940
3947
3954
3961
3968
3975
3982
3989
3996
4003
4010
4017
4024
4031
4038
4045
4052
4059
4066
4073
4080
4087
4094
4101
4108
4115
4122
4129
4136
4143
4150
4157
4164
4171
4178
4185
4192
4199
4206
4213
4220
4227
4234
4241
4248
4255
4262
4269
4276
4283
4290
4297
4304
4311
4318
4325
4332
4339
4346
4353
4360
4367
4374
4381
4388
4395
4402
4409
4416
4423
4430
4437
4444
4451
4458
4465
4472
4479
4486
4493
4500
4507
4514
4521
4528
4535
4542
4549
4556
4563
4570
4577
4584
4591
4598
4605
4612
4619
4626
4633
4640
4647
4654
4661
4668
4675
4682
4689
4696
4703
4710
4717
4724
4731
4738
4745
4752
4759
4766
4773
4780
4787
4794
4801
4808
4815
4822
4829
4836
4843
4850
4857
4864
4871
4878
4885
4892
4899
4906
4913
4920
4927
4934
4941
4948
4955
4962
4969
4976
4983
4990
4997
5004
5011
5018
5025
5032
5039
5046
5053
5060
5067
5074
5081
5088
5095
5102
5109
5116
5123
5130
5137
5144
5151
5158
5165
5172
5179
5186
5193
5200
5207
5214
5221
5228
5235
5242
5249
5256
5263
5270
5277
5284
5291
5298
5305
5312
5319
5326
5333
5340
5347
5354
5361
5368
5375
5382
5389
5396
5403
5410
5417
5424
5431
5438
5445
5452
5459
5466
5473
5480
5487
5494
5501
5508
5515
5522
5529
5536
5543
5550
5557
5564
5571
5578
5585
5592
5599
5606
5613
5620
5627
5634
5641
5648
5655
5662
5669
5676
5683
5690
5697
5704
5711
5718
5725
5732
5739
5746
5753
5760
5767
5774
5781
5788
5795
5802
5809
5816
5823
5830
5837
5844
5851
5858
5865
5872
5879
5886
5893
5900
5907
5914
5921
5928
5935
5942
5949
5956
5963
5970
5977
5984
5991
5998
6005
6012
6019
6026
6033
6040
6047
6054
6061
6068
6075
6082
6089
6096
6103
6110
6117
6124
6131
6138
6145
6152
6159
6166
6173
6180
6187
6194
6201
6208
6215
6222
6229
6236
6243
6250
6257
6264
6271
6278
6285
6292
6299
6306
6313
6320
6327
6334
6341
6348
6355
6362
6369
6376
6383
6390
6397
6404
6411
6418
6425
6432
6439
6446
6453
6460
6467
6474
6481
6488
6495
6502
6509
6516
6523
6530
6537
6544
6551
6558
6565
6572
6579
6586
6593
6600
6607
6614
6621
6628
6635
6642
6649
6656
6663
6670
6677
6684
6691
6698
6705
6712
6719
6726
6733
6740
6747
6754
6761
6768
6775
6782
6789
6796
6803
6810
6817
6824
6831
6838
6845
6852
6859
6866
6873
6880
6887
6894
6901
6908
6915
6922
6929
6936
6943
6950
6957
6964
6971
6978
6985
6992
6999
7006
7013
7020
7027
7034
7041
7048
7055
7062
7069
7076
7083
7090
7097
7104
7111
7118
7125
7132
7139
7146
7153
7160
7167
7174
7181
7188
7195
7202
7209
7216
7223
7230
7237
7244
7251
7258
7265
7272
7279
7286
7293
7300
7307
7314
7321
7328
7335
7342
7349
7356
7363
7370
7377
7384
7391
7398
7405
7412
7419
7426
7433
7440
7447
7454
7461
7468
7475
7482
7489
7496
7503
7510
7517
7524
7531
7538
7545
7552
7559
7566
7573
7580
7587
7594
7601
7608
7615
7622
7629
7636
7643
7650
7657
7664
7671
7678
7685
7692
7699
7706
7713
7720
7727
7734
7741
7748
7755
7762
7769
7776
7783
7790
7797
7804
7811
7818
7825
7832
7839
7846
7853
7860
7867
7874
7881
7888
7895
7902
7909
7916
7923
7930
7937
7944
7951
7958
7965
7972
7979
7986
7993
8000
8007
8014
8021
8028
8035
8042
8049
8056
8063
8070
8077
8084
8091
8098
8105
8112
8119
8126
8133
8140
8147
8154
8161
8168
8175
8182
8189
8196
8203
8210
8217
8224
8231
8238
8245
8252
8259
8266
8273
8280
8287
8294
8301
8308
8315
8322
8329
8336
8343
8350
8357
8364
8371
8378
8385
8392
8399
8406
8413
8420
8427
8434
8441
8448
8455
8462
8469
8476
8483
8490
8497
8504
8511
8518
8525
8532
8539
8546
8553
8560
8567
8574
8581
8588
8595
8602
8609
8616
8623
8630
8637
8644
8651
8658
8665
8672
8679
8686
8693
8700
8707
8714
8721
8728
8735
8742
8749
8756
8763
8770
8777
8784
8791
8798
8805
8812
8819
8826
8833
8840
8847
8854
8861
8868
8875
8882
8889
8896
8903
8910
8917
8924
8931
8938
8945
8952
8959
8966
8973
8980
8987
8994
9001
9008
9015
9022
9029
9036
9043
9050
9057
9064
9071
9078
9085
9092
9099
9106
9113
9120
9127
9134
9141
9148
9155
9162
9169
9176
9183
9190
9197
9204
9211
9218
9225
9232
9239
9246
9253
9260
9267
9274
9281
9288
9295
9302
9309
9316
9323
9330
9337
9344
9351
9358
9365
9372
9379
9386
9393
9400
9407
9414
9421
9428
9435
9442
9449
9456
9463
9470
9477
9484
9491
9498
9505
9512
9519
9526
9533
9540
9547
9554
9561
9568
9575
9582
9589
9596
9603
9610
9617
9624
9631
9638
9645
9652
9659
9666
9673
9680
9687
9694
9701
9708
9715
9722
9729
9736
9743
9750
9757
9764
9771
9778
9785
9792
9799
9806
9813
9820
9827
9834
9841
9848
9855
9862
9869
9876
9883
9890
9897
9904
9911
9918
9925
9932
9939
9946
9953
9960
9967
9974
9981
9988
9995
10002
10009
10016
10023
10030
10037
10044
10051
10058
10065
10072
10079
10086
10093
10100
10107
10114
10121
10128
10135
10142
10149
10156
10163
10170
10177
10184
10191
10198
10205
10212
10219
10226
10233
10240
10247
10254
10261
10268
10275
10282
10289
10296
10303
10310
10317
10324
10331
10338
10345
10352
10359
10366
10373
10380
10387
10394
10401
10408
10415
10422
10429
10436
10443
10450
10457
10464
10471
10478
10485
10492
10499
10506
10513
10520
10527
10534
10541
10548
10555
10562
10569
10576
10583
10590
10597
10604
10611
10618
10625
10632
10639
10646
10653
10660
10667
10674
10681
10688
10695
10702
10709
10716
10723
10730
10737
10744
10751
10758
10765
10772
10779
10786
10793
10800
10807
10814
10821
10828
10835
10842
10849
10856
10863
10870
10877
10884
10891
10898
10905
10912
10919
10926
10933
10940
10947
10954
10961
10968
10975
10982
10989
10996
11003
11010
11017
11024
11031
11038
11045
11052
11059
11066
11073
11080
11087
11094
11101
11108
11115
11122
11129
11136
11143
11150
11157
11164
11171
11178
11185
11192
11199
11206
11213
11220
11227
11234
11241
11248
11255
11262
11269
11276
11283
11290
11297
11304
11311
11318
11325
11332
11339
11346
11353
11360
11367
11374
11381
11388
11395
11402
11409
11416
11423
11430
11437
11444
11451
11458
11465
11472
11479
11486
11493
11500
11507
11514
11521
11528
11535
11542
11549
11556
11563
11570
11577
11584
11591
11598
11605
11612
11619
11626
11633
11640
11647
11654
11661
11668
11675
11682
11689
11696
11703
11710
11717
11724
11731
11738
11745
11752
11759
11766
11773
11780
11787
11794
11801
11808
11815
11822
11829
11836
11843
11850
11857
11864
11871
11878
11885
11892
11899
11906
11913
11920
11927
11934
11941
11948
11955
11962
11969
11976
11983
11990
11997
12004
12011
12018
12025
12032
12039
12046
12053
12060
12067
12074
12081
12088
12095
12102
12109
12116
12123
12130
12137
12144
12151
12158
12165
12172
12179
12186
12193
12200
12207
12214
12221
12228
12235
12242
12249
12256
12263
12270
12277
12284
12291
12298
12305
12312
12319
12326
12333
12340
12347
12354
12361
12368
12375
12382
12389
12396
12403
12410
12417
12424
12431
12438
12445
12452
12459
12466
12473
12480
12487
12494
12501
12508
12515
12522
12529
12536
12543
12550
12557
12564
12571
12578
12585
12592
12599
12606
12613
12620
12627
12634
12641
12648
12655
12662
12669
12676
12683
12690
12697
12704
12711
12718
12725
12732
12739
12746
12753
12760
12767
12774
12781
12788
12795
12802
12809
12816
12823
12830
12837
12844
12851
12858
12865
12872
12879
12886
12893
12900
12907
12914
12921
12928
12935
12942
12949
12956
12963
12970
12977
12984
12991
12998
13005
13012
13019
13026
13033
13040
13047
13054
13061
13068
13075
13082
13089
13096
13103
13110
13117
13124
13131
13138
13145
13152
13159
13166
13173
13180
13187
13194
13201
13208
13215
13222
13229
13236
13243
13250
13257
13264
13271
13278
13285
13292
13299
13306
13313
13320
13327
13334
13341
13348
13355
13362
13369
13376
13383
13390
13397
13404
13411
13418
13425
13432
13439
13446
13453
13460
13467
13474
13481
13488
13495
13502
13509
13516
13523
13530
13537
13544
13551
13558
13565
13572
13579
13586
13593
13600
13607
13614
13621
13628
13635
13642
13649
13656
13663
13670
13677
13684
13691
13698
13705
13712
13719
13726
13733
13740
13747
13754
13761
13768
13775
13782
13789
13796
13803
13810
13817
13824
13831
13838
13845
13852
13859
13866
13873
13880
13887
13894
13901
13908
13915
13922
13929
13936
13943
13950
13957
13964
13971
13978
13985
13992
13999
14006
14013
14020
14027
14034
14041
14048
14055
14062
14069
14076
14083
14090
14097
14104
14111
14118
14125
14132
14139
14146
14153
14160
14167
14174
14181
14188
14195
14202
14209
14216
14223
14230
14237
14244
14251
14258
14265
14272
14279
14286
14293
14300
14307
14314
14321
14328
14335
14342
14349
14356
14363
14370
14377
14384
14391
14398
14405
14412
14419
14426
14433
14440
14447
14454
14461
14468
14475
14482
14489
14496
14503
14510
14517
14524
14531
14538
14545
14552
14559
14566
14573
14580
14587
14594
14601
14608
14615
14622
14629
14636
14643
14650
14657
14664
14671
14678
14685
14692
14699
14706
14713
14720
14727
14734
14741
14748
14755
14762
14769
14776
14783
14790
14797
14804
14811
14818
14825
14832
14839
14846
14853
14860
14867
14874
14881
14888
14895
14902
14909
14916
14923
14930
14937
14944
14951
14958
14965
14972
14979
14986
14993
15000
15007
15014
15021
15028
15035
15042
15049
15056
15063
15070
15077
15084
15091
15098
15105
15112
15119
15126
15133
15140
15147
15154
15161
15168
15175
15182
15189
15196
15203
15210
15217
15224
15231
15238
15245
15252
15259
15266
15273
15280
15287
15294
15301
15308
15315
15322
15329
15336
15343
15350
15357
15364
15371
15378
15385
15392
15399
15406
15413
15420
15427
15434
15441
15448
15455
15462
15469
15476
15483
15490
15497
15504
15511
15518
15525
15532
15539
15546
15553
15560
15567
15574
15581
15588
15595
15602
15609
15616
15623
15630
15637
15644
15651
15658
15665
15672
15679
15686
15693
15700
15707
15714
15721
15728
15735
15742
15749
15756
15763
15770
15777
15784
15791
15798
15805
15812
15819
15826
15833
15840
15847
15854
15861
15868
15875
15882
15889
15896
15903
15910
15917
15924
15931
15938
15945
15952
15959
15966
15973
15980
15987
15994
16001
16008
16015
16022
16029
16036
16043
16050
16057
16064
16071
16078
16085
16092
16099
16106
16113
16120
16127
16134
16141
16148
16155
16162
16169
16176
16183
16190
16197
16204
16211
16218
16225
16232
16239
16246
16253
16260
16267
16274
16281
16288
16295
16302
16309
16316
16323
16330
16337
16344
16351
16358
16365
16372
16379
