4
11
18
25
32
39
46
53
60
67
74
81
88
95
102
109
116
123
130
137
144
151
158
165
172
179
186
193
200
207
214
221
228
235
242
249
256
263
270
277
284
291
298
305
312
319
326
333
340
347
354
361
368
375
382
389
396
403
410
417
424
431
438
445
452
459
466
473
480
487
494
501
508
515
522
529
536
543
550
557
564
571
578
585
592
599
606
613
620
627
634
641
648
655
662
669
676
683
690
697
704
711
718
725
732
739
746
753
760
767
774
781
788
795
802
809
816
823
830
837
844
851
858
865
872
879
886
893
900
907
914
921
928
935
942
949
956
963
970
977
984
991
998
1005
1012
1019
1026
1033
1040
1047
1054
1061
1068
1075
1082
1089
1096
1103
1110
1117
1124
1131
1138
1145
1152
1159
1166
1173
1180
1187
1194
1201
1208
1215
1222
1229
1236
1243
1250
1257
1264
1271
1278
1285
1292
1299
1306
1313
1320
1327
1334
1341
1348
1355
1362
1369
1376
1383
1390
1397
1404
1411
1418
1425
1432
1439
1446
1453
1460
1467
1474
1481
1488
1495
1502
1509
1516
1523
1530
1537
1544
1551
1558
1565
1572
1579
1586
1593
1600
1607
1614
1621
1628
1635
1642
1649
1656
1663
1670
1677
1684
1691
1698
1705
1712
1719
1726
1733
1740
1747
1754
1761
1768
1775
1782
1789
1796
1803
1810
1817
1824
1831
1838
1845
1852
1859
1866
1873
1880
1887
1894
1901
1908
1915
1922
1929
1936
1943
1950
1957
1964
1971
1978
1985
1992
1999
2006
2013
2020
2027
2034
2041
2048
2055
2062
2069
2076
2083
2090
2097
2104
2111
2118
2125
2132
2139
2146
2153
2160
2167
2174
2181
2188
2195
2202
2209
2216
2223
2230
2237
2244
2251
2258
2265
2272
2279
2286
2293
2300
2307
2314
2321
2328
2335
2342
2349
2356
2363
2370
2377
2384
2391
2398
2405
2412
2419
2426
2433
2440
2447
2454
2461
2468
2475
2482
2489
2496
2503
2510
2517
2524
2531
2538
2545
2552
2559
2566
2573
2580
2587
2594
2601
2608
2615
2622
2629
2636
2643
2650
2657
2664
2671
2678
2685
2692
2699
2706
2713
2720
2727
2734
2741
2748
2755
2762
2769
2776
2783
2790
2797
2804
2811
2818
2825
2832
2839
2846
2853
2860
2867
2874
2881
2888
2895
2902
2909
2916
2923
2930
2937
2944
2951
2958
2965
2972
2979
2986
2993
3000
3007
3014
3021
3028
3035
3042
3049
3056
3063
3070
3077
3084
3091
3098
3105
3112
3119
3126
3133
3140
3147
3154
3161
3168
3175
3182
3189
3196
3203
3210
3217
3224
3231
3238
3245
3252
3259
3266
3273
3280
3287
3294
3301
3308
3315
3322
3329
3336
3343
3350
3357
3364
3371
3378
3385
3392
3399
3406
3413
3420
3427
3434
3441
3448
3455
3462
3469
3476
3483
3490
3497
3504
3511
3518
3525
3532
3539
3546
3553
3560
3567
3574
3581
3588
3595
3602
3609
3616
3623
3630
3637
3644
3651
3658
3665
3672
3679
3686
3693
3700
3707
3714
3721
3728
3735
3742
3749
3756
3763
3770
3777
3784
3791
3798
3805
3812
3819
3826
3833
3840
3847
3854
3861
3868
3875
3882
3889
3896
3903
3910
3917
3924
3931
3938
3945
3952
3959
3966
3973
3980
3987
3994
4001
4008
4015
4022
4029
4036
4043
4050
4057
4064
4071
4078
4085
4092
4099
4106
4113
4120
4127
4134
4141
4148
4155
4162
4169
4176
4183
4190
4197
4204
4211
4218
4225
4232
4239
4246
4253
4260
4267
4274
4281
4288
4295
4302
4309
4316
4323
4330
4337
4344
4351
4358
4365
4372
4379
4386
4393
4400
4407
4414
4421
4428
4435
4442
4449
4456
4463
4470
4477
4484
4491
4498
4505
4512
4519
4526
4533
4540
4547
4554
4561
4568
4575
4582
4589
4596
4603
4610
4617
4624
4631
4638
4645
4652
4659
4666
4673
4680
4687
4694
4701
4708
4715
4722
4729
4736
4743
4750
4757
4764
4771
4778
4785
4792
4799
4806
4813
4820
4827
4834
4841
4848
4855
4862
4869
4876
4883
4890
4897
4904
4911
4918
4925
4932
4939
4946
4953
4960
4967
4974
4981
4988
4995
5002
5009
5016
5023
5030
5037
5044
5051
5058
5065
5072
5079
5086
5093
5100
5107
5114
5121
5128
5135
5142
5149
5156
5163
5170
5177
5184
5191
5198
5205
5212
5219
5226
5233
5240
5247
5254
5261
5268
5275
5282
5289
5296
5303
5310
5317
5324
5331
5338
5345
5352
5359
5366
5373
5380
5387
5394
5401
5408
5415
5422
5429
5436
5443
5450
5457
5464
5471
5478
5485
5492
5499
5506
5513
5520
5527
5534
5541
5548
5555
5562
5569
5576
5583
5590
5597
5604
5611
5618
5625
5632
5639
5646
5653
5660
5667
5674
5681
5688
5695
5702
5709
5716
5723
5730
5737
5744
5751
5758
5765
5772
5779
5786
5793
5800
5807
5814
5821
5828
5835
5842
5849
5856
5863
5870
5877
5884
5891
5898
5905
5912
5919
5926
5933
5940
5947
5954
5961
5968
5975
5982
5989
5996
6003
6010
6017
6024
6031
6038
6045
6052
6059
6066
6073
6080
6087
6094
6101
6108
6115
6122
6129
6136
6143
6150
6157
6164
6171
6178
6185
6192
6199
6206
6213
6220
6227
6234
6241
6248
6255
6262
6269
6276
6283
6290
6297
6304
6311
6318
6325
6332
6339
6346
6353
6360
6367
6374
6381
6388
6395
6402
6409
6416
6423
6430
6437
6444
6451
6458
6465
6472
6479
6486
6493
6500
6507
6514
6521
6528
6535
6542
6549
6556
6563
6570
6577
6584
6591
6598
6605
6612
6619
6626
6633
6640
6647
6654
6661
6668
6675
6682
6689
6696
6703
6710
6717
6724
6731
6738
6745
6752
6759
6766
6773
6780
6787
6794
6801
6808
6815
6822
6829
6836
6843
6850
6857
6864
6871
6878
6885
6892
6899
6906
6913
6920
6927
6934
6941
6948
6955
6962
6969
6976
6983
6990
6997
7004
7011
7018
7025
7032
7039
7046
7053
7060
7067
7074
7081
7088
7095
7102
7109
7116
7123
7130
7137
7144
7151
7158
7165
7172
7179
7186
7193
7200
7207
7214
7221
7228
7235
7242
7249
7256
7263
7270
7277
7284
7291
7298
7305
7312
7319
7326
7333
7340
7347
7354
7361
7368
7375
7382
7389
7396
7403
7410
7417
7424
7431
7438
7445
7452
7459
7466
7473
7480
7487
7494
7501
7508
7515
7522
7529
7536
7543
7550
7557
7564
7571
7578
7585
7592
7599
7606
7613
7620
7627
7634
7641
7648
7655
7662
7669
7676
7683
7690
7697
7704
7711
7718
7725
7732
7739
7746
7753
7760
7767
7774
7781
7788
7795
7802
7809
7816
7823
7830
7837
7844
7851
7858
7865
7872
7879
7886
7893
7900
7907
7914
7921
7928
7935
7942
7949
7956
7963
7970
7977
7984
7991
7998
8005
8012
8019
8026
8033
8040
8047
8054
8061
8068
8075
8082
8089
8096
8103
8110
8117
8124
8131
8138
8145
8152
8159
8166
8173
8180
8187
8194
8201
8208
8215
8222
8229
8236
8243
8250
8257
8264
8271
8278
8285
8292
8299
8306
8313
8320
8327
8334
8341
8348
8355
8362
8369
8376
8383
8390
8397
8404
8411
8418
8425
8432
8439
8446
8453
8460
8467
8474
8481
8488
8495
8502
8509
8516
8523
8530
8537
8544
8551
8558
8565
8572
8579
8586
8593
8600
8607
8614
8621
8628
8635
8642
8649
8656
8663
8670
8677
8684
8691
8698
8705
8712
8719
8726
8733
8740
8747
8754
8761
8768
8775
8782
8789
8796
8803
8810
8817
8824
8831
8838
8845
8852
8859
8866
8873
8880
8887
8894
8901
8908
8915
8922
8929
8936
8943
8950
8957
8964
8971
8978
8985
8992
8999
9006
9013
9020
9027
9034
9041
9048
9055
9062
9069
9076
9083
9090
9097
9104
9111
9118
9125
9132
9139
9146
9153
9160
9167
9174
9181
9188
9195
9202
9209
9216
9223
9230
9237
9244
9251
9258
9265
9272
9279
9286
9293
9300
9307
9314
9321
9328
9335
9342
9349
9356
9363
9370
9377
9384
9391
9398
9405
9412
9419
9426
9433
9440
9447
9454
9461
9468
9475
9482
9489
9496
9503
9510
9517
9524
9531
9538
9545
9552
9559
9566
9573
9580
9587
9594
9601
9608
9615
9622
9629
9636
9643
9650
9657
9664
9671
9678
9685
9692
9699
9706
9713
9720
9727
9734
9741
9748
9755
9762
9769
9776
9783
9790
9797
9804
9811
9818
9825
9832
9839
9846
9853
9860
9867
9874
9881
9888
9895
9902
9909
9916
9923
9930
9937
9944
9951
9958
9965
9972
9979
9986
9993
10000
10007
10014
10021
10028
10035
10042
10049
10056
10063
10070
10077
10084
10091
10098
10105
10112
10119
10126
10133
10140
10147
10154
10161
10168
10175
10182
10189
10196
10203
10210
10217
10224
10231
10238
10245
10252
10259
10266
10273
10280
10287
10294
10301
10308
10315
10322
10329
10336
10343
10350
10357
10364
10371
10378
10385
10392
10399
10406
10413
10420
10427
10434
10441
10448
10455
10462
10469
10476
10483
10490
10497
10504
10511
10518
10525
10532
10539
10546
10553
10560
10567
10574
10581
10588
10595
10602
10609
10616
10623
10630
10637
10644
10651
10658
10665
10672
10679
10686
10693
10700
10707
10714
10721
10728
10735
10742
10749
10756
10763
10770
10777
10784
10791
10798
10805
10812
10819
10826
10833
10840
10847
10854
10861
10868
10875
10882
10889
10896
10903
10910
10917
10924
10931
10938
10945
10952
10959
10966
10973
10980
10987
10994
11001
11008
11015
11022
11029
11036
11043
11050
11057
11064
11071
11078
11085
11092
11099
11106
11113
11120
11127
11134
11141
11148
11155
11162
11169
11176
11183
11190
11197
11204
11211
11218
11225
11232
11239
11246
11253
11260
11267
11274
11281
11288
11295
11302
11309
11316
11323
11330
11337
11344
11351
11358
11365
11372
11379
11386
11393
11400
11407
11414
11421
11428
11435
11442
11449
11456
11463
11470
11477
11484
11491
11498
11505
11512
11519
11526
11533
11540
11547
11554
11561
11568
11575
11582
11589
11596
11603
11610
11617
11624
11631
11638
11645
11652
11659
11666
11673
11680
11687
11694
11701
11708
11715
11722
11729
11736
11743
11750
11757
11764
11771
11778
11785
11792
11799
11806
11813
11820
11827
11834
11841
11848
11855
11862
11869
11876
11883
11890
11897
11904
11911
11918
11925
11932
11939
11946
11953
11960
11967
11974
11981
11988
11995
12002
12009
12016
12023
12030
12037
12044
12051
12058
12065
12072
12079
12086
12093
12100
12107
12114
12121
12128
12135
12142
12149
12156
12163
12170
12177
12184
12191
12198
12205
12212
12219
12226
12233
12240
12247
12254
12261
12268
12275
12282
12289
12296
12303
12310
12317
12324
12331
12338
12345
12352
12359
12366
12373
12380
12387
12394
12401
12408
12415
12422
12429
12436
12443
12450
12457
12464
12471
12478
12485
12492
12499
12506
12513
12520
12527
12534
12541
12548
12555
12562
12569
12576
12583
12590
12597
12604
12611
12618
12625
12632
12639
12646
12653
12660
12667
12674
12681
12688
12695
12702
12709
12716
12723
12730
12737
12744
12751
12758
12765
12772
12779
12786
12793
12800
12807
12814
12821
12828
12835
12842
12849
12856
12863
12870
12877
12884
12891
12898
12905
12912
12919
12926
12933
12940
12947
12954
12961
12968
12975
12982
12989
12996
13003
13010
13017
13024
13031
13038
13045
13052
13059
13066
13073
13080
13087
13094
13101
13108
13115
13122
13129
13136
13143
13150
13157
13164
13171
13178
13185
13192
13199
13206
13213
13220
13227
13234
13241
13248
13255
13262
13269
13276
13283
13290
13297
13304
13311
13318
13325
13332
13339
13346
13353
13360
13367
13374
13381
13388
13395
13402
13409
13416
13423
13430
13437
13444
13451
13458
13465
13472
13479
13486
13493
13500
13507
13514
13521
13528
13535
13542
13549
13556
13563
13570
13577
13584
13591
13598
13605
13612
13619
13626
13633
13640
13647
13654
13661
13668
13675
13682
13689
13696
13703
13710
13717
13724
13731
13738
13745
13752
13759
13766
13773
13780
13787
13794
13801
13808
13815
13822
13829
13836
13843
13850
13857
13864
13871
13878
13885
13892
13899
13906
13913
13920
13927
13934
13941
13948
13955
13962
13969
13976
13983
13990
13997
14004
14011
14018
14025
14032
14039
14046
14053
14060
14067
14074
14081
14088
14095
14102
14109
14116
14123
14130
14137
14144
14151
14158
14165
14172
14179
14186
14193
14200
14207
14214
14221
14228
14235
14242
14249
14256
14263
14270
14277
14284
14291
14298
14305
14312
14319
14326
14333
14340
14347
14354
14361
14368
14375
14382
14389
14396
14403
14410
14417
14424
14431
14438
14445
14452
14459
14466
14473
14480
14487
14494
14501
14508
14515
14522
14529
14536
14543
14550
14557
14564
14571
14578
14585
14592
14599
14606
14613
14620
14627
14634
14641
14648
14655
14662
14669
14676
14683
14690
14697
14704
14711
14718
14725
14732
14739
14746
14753
14760
14767
14774
14781
14788
14795
14802
14809
14816
14823
14830
14837
14844
14851
14858
14865
14872
14879
14886
14893
14900
14907
14914
14921
14928
14935
14942
14949
14956
14963
14970
14977
14984
14991
14998
15005
15012
15019
15026
15033
15040
15047
15054
15061
15068
15075
15082
15089
15096
15103
15110
15117
15124
15131
15138
15145
15152
15159
15166
15173
15180
15187
15194
15201
15208
15215
15222
15229
15236
15243
15250
15257
15264
15271
15278
15285
15292
15299
15306
15313
15320
15327
15334
15341
15348
15355
15362
15369
15376
15383
15390
15397
15404
15411
15418
15425
15432
15439
15446
15453
15460
15467
15474
15481
15488
15495
15502
15509
15516
15523
15530
15537
15544
15551
15558
15565
15572
15579
15586
15593
15600
15607
15614
15621
15628
15635
15642
15649
15656
15663
15670
15677
15684
15691
15698
15705
15712
15719
15726
15733
15740
15747
15754
15761
15768
15775
15782
15789
15796
15803
15810
15817
15824
15831
15838
15845
15852
15859
15866
15873
15880
15887
15894
15901
15908
15915
15922
15929
15936
15943
15950
15957
15964
15971
15978
15985
15992
15999
16006
16013
16020
16027
16034
16041
16048
16055
16062
16069
16076
16083
16090
16097
16104
16111
16118
16125
16132
16139
16146
16153
16160
16167
16174
16181
16188
16195
16202
16209
16216
16223
16230
16237
16244
16251
16258
16265
16272
16279
16286
16293
16300
16307
16314
16321
16328
16335
16342
16349
16356
16363
16370
16377
