1033
1040
1047
1054
1061
1068
1075
1082
1089
1096
1103
1110
1117
1124
1131
1138
1145
1152
1159
1166
1173
1180
1187
1194
1201
1208
1215
1222
1229
1236
1243
1250
1257
1264
1271
1278
1285
1292
1299
1306
1313
1320
1327
1334
1341
1348
1355
1362
1369
1376
1383
1390
1397
1404
1411
1418
1425
1432
1439
1446
1453
1460
1467
1474
1481
1488
1495
1502
1509
1516
1523
1530
1537
1544
1551
1558
1565
1572
1579
1586
1593
1600
1607
1614
1621
1628
1635
1642
1649
1656
1663
1670
1677
1684
1691
1698
1705
1712
1719
1726
1733
1740
1747
1754
1761
1768
1775
1782
1789
1796
1803
1810
1817
1824
1831
1838
1845
1852
1859
1866
1873
1880
1887
1894
1901
1908
1915
1922
1929
1936
1943
1950
1957
1964
1971
1978
1985
1992
1999
2006
2013
2020
2027
2034
2041
2048
2055
2062
2069
2076
2083
2090
2097
2104
2111
2118
2125
2132
2139
2146
2153
2160
2167
2174
2181
2188
2195
2202
2209
2216
2223
2230
2237
2244
2251
2258
2265
2272
2279
2286
2293
2300
2307
2314
2321
2328
2335
2342
2349
2356
2363
2370
2377
2384
2391
2398
2405
2412
2419
2426
2433
2440
2447
2454
2461
2468
2475
2482
2489
2496
2503
2510
2517
2524
2531
2538
2545
2552
2559
2566
2573
2580
2587
2594
2601
2608
2615
2622
2629
2636
2643
2650
2657
2664
2671
2678
2685
2692
2699
2706
2713
2720
2727
2734
2741
2748
2755
2762
2769
2776
2783
2790
2797
2804
2811
2818
2825
2832
2839
2846
2853
2860
2867
2874
2881
2888
2895
2902
2909
2916
2923
2930
2937
2944
2951
2958
2965
2972
2979
2986
2993
3000
3007
3014
3021
3028
3035
3042
3049
3056
3063
3070
3077
3084
3091
3098
3105
3112
3119
3126
3133
3140
3147
3154
3161
3168
3175
3182
3189
3196
3203
3210
3217
3224
3231
3238
3245
3252
3259
3266
3273
3280
3287
3294
3301
3308
3315
3322
3329
3336
3343
3350
3357
3364
3371
3378
3385
3392
3399
3406
3413
3420
3427
3434
3441
3448
3455
3462
3469
3476
3483
3490
3497
3504
3511
3518
3525
3532
3539
3546
3553
3560
3567
3574
3581
3588
3595
3602
3609
3616
3623
3630
3637
3644
3651
3658
3665
3672
3679
3686
3693
3700
3707
3714
3721
3728
3735
3742
3749
3756
3763
3770
3777
3784
3791
3798
3805
3812
3819
3826
3833
3840
3847
3854
3861
3868
3875
3882
3889
3896
3903
3910
3917
3924
3931
3938
3945
3952
3959
3966
3973
3980
3987
3994
4001
4008
4015
4022
4029
4036
4043
4050
4057
4064
4071
4078
4085
4092
4099
4106
4113
4120
4127
4134
4141
4148
4155
4162
4169
4176
4183
4190
4197
4204
4211
4218
4225
4232
4239
4246
4253
4260
4267
4274
4281
4288
4295
4302
4309
4316
4323
4330
4337
4344
4351
4358
4365
4372
4379
4386
4393
4400
4407
4414
4421
4428
4435
4442
4449
4456
4463
4470
4477
4484
4491
4498
4505
4512
4519
4526
4533
4540
4547
4554
4561
4568
4575
4582
4589
4596
4603
4610
4617
4624
4631
4638
4645
4652
4659
4666
4673
4680
4687
4694
4701
4708
4715
4722
4729
4736
4743
4750
4757
4764
4771
4778
4785
4792
4799
4806
4813
4820
4827
4834
4841
4848
4855
4862
4869
4876
4883
4890
4897
4904
4911
4918
4925
4932
4939
4946
4953
4960
4967
4974
4981
4988
4995
5002
5009
5016
5023
5030
5037
5044
5051
5058
5065
5072
5079
5086
5093
5100
5107
5114
5121
5128
5135
5142
5149
5156
5163
5170
5177
5184
5191
5198
5205
5212
5219
5226
5233
5240
5247
5254
5261
5268
5275
5282
5289
5296
5303
5310
5317
5324
5331
5338
5345
5352
5359
5366
5373
5380
5387
5394
5401
5408
5415
5422
5429
5436
5443
5450
5457
5464
5471
5478
5485
5492
5499
5506
5513
5520
5527
5534
5541
5548
5555
5562
5569
5576
5583
5590
5597
5604
5611
5618
5625
5632
5639
5646
5653
5660
5667
5674
5681
5688
5695
5702
5709
5716
5723
5730
5737
5744
5751
5758
5765
5772
5779
5786
5793
5800
5807
5814
5821
5828
5835
5842
5849
5856
5863
5870
5877
5884
5891
5898
5905
5912
5919
5926
5933
5940
5947
5954
5961
5968
5975
5982
5989
5996
6003
6010
6017
6024
6031
6038
6045
6052
6059
6066
6073
6080
6087
6094
6101
6108
6115
6122
6129
6136
6143
6150
6157
6164
6171
6178
6185
6192
6199
6206
6213
6220
6227
6234
6241
6248
6255
6262
6269
6276
6283
6290
6297
6304
6311
6318
6325
6332
6339
6346
6353
6360
6367
6374
6381
6388
6395
6402
6409
6416
6423
6430
6437
6444
6451
6458
6465
6472
6479
6486
6493
6500
6507
6514
6521
6528
6535
6542
6549
6556
6563
6570
6577
6584
6591
6598
6605
6612
6619
6626
6633
6640
6647
6654
6661
6668
6675
6682
6689
6696
6703
6710
6717
6724
6731
6738
6745
6752
6759
6766
6773
6780
6787
6794
6801
6808
6815
6822
6829
6836
6843
6850
6857
6864
6871
6878
6885
6892
6899
6906
6913
6920
6927
6934
6941
6948
6955
6962
6969
6976
6983
6990
6997
7004
7011
7018
7025
7032
7039
7046
7053
7060
7067
7074
7081
7088
7095
7102
7109
7116
7123
7130
7137
7144
7151
7158
7165
7172
7179
7186
7193
7200
7207
7214
7221
7228
7235
7242
7249
7256
7263
7270
7277
7284
7291
7298
7305
7312
7319
7326
7333
7340
7347
7354
7361
7368
7375
7382
7389
7396
7403
7410
7417
7424
7431
7438
7445
7452
7459
7466
7473
7480
7487
7494
7501
7508
7515
7522
7529
7536
7543
7550
7557
7564
7571
7578
7585
7592
7599
7606
7613
7620
7627
7634
7641
7648
7655
7662
7669
7676
7683
7690
7697
7704
7711
7718
7725
7732
7739
7746
7753
7760
7767
7774
7781
7788
7795
7802
7809
7816
7823
7830
7837
7844
7851
7858
7865
7872
7879
7886
7893
7900
7907
7914
7921
7928
7935
7942
7949
7956
7963
7970
7977
7984
7991
7998
8005
8012
8019
8026
8033
8040
8047
8054
8061
8068
8075
8082
8089
8096
8103
8110
8117
8124
8131
8138
8145
8152
8159
8166
8173
8180
8187
8194
8201
8208
8215
8222
8229
8236
8243
8250
8257
8264
8271
8278
8285
8292
8299
8306
8313
8320
8327
8334
8341
8348
8355
8362
8369
8376
8383
8390
8397
8404
8411
8418
8425
8432
8439
8446
8453
8460
8467
8474
8481
8488
8495
8502
8509
8516
8523
8530
8537
8544
8551
8558
8565
8572
8579
8586
8593
8600
8607
8614
8621
8628
8635
8642
8649
8656
8663
8670
8677
8684
8691
8698
8705
8712
8719
8726
8733
8740
8747
8754
8761
8768
8775
8782
8789
8796
8803
8810
8817
8824
8831
8838
8845
8852
8859
8866
8873
8880
8887
8894
8901
8908
8915
8922
8929
8936
8943
8950
8957
8964
8971
8978
8985
8992
8999
9006
9013
9020
9027
9034
9041
9048
9055
9062
9069
9076
9083
9090
9097
9104
9111
9118
9125
9132
9139
9146
9153
9160
9167
9174
9181
9188
9195
9202
9209
9216
9223
9230
9237
9244
9251
9258
9265
9272
9279
9286
9293
9300
9307
9314
9321
9328
9335
9342
9349
9356
9363
9370
9377
9384
9391
9398
9405
9412
9419
9426
9433
9440
9447
9454
9461
9468
9475
9482
9489
9496
9503
9510
9517
9524
9531
9538
9545
9552
9559
9566
9573
9580
9587
9594
9601
9608
9615
9622
9629
9636
9643
9650
9657
9664
9671
9678
9685
9692
9699
9706
9713
9720
9727
9734
9741
9748
9755
9762
9769
9776
9783
9790
9797
9804
9811
9818
9825
9832
9839
9846
9853
9860
9867
9874
9881
9888
9895
9902
9909
9916
9923
9930
9937
9944
9951
9958
9965
