1028
1035
1042
1049
1056
1063
1070
1077
1084
1091
1098
1105
1112
1119
1126
1133
1140
1147
1154
1161
1168
1175
1182
1189
1196
1203
1210
1217
1224
1231
1238
1245
1252
1259
1266
1273
1280
1287
1294
1301
1308
1315
1322
1329
1336
1343
1350
1357
1364
1371
1378
1385
1392
1399
1406
1413
1420
1427
1434
1441
1448
1455
1462
1469
1476
1483
1490
1497
1504
1511
1518
1525
1532
1539
1546
1553
1560
1567
1574
1581
1588
1595
1602
1609
1616
1623
1630
1637
1644
1651
1658
1665
1672
1679
1686
1693
1700
1707
1714
1721
1728
1735
1742
1749
1756
1763
1770
1777
1784
1791
1798
1805
1812
1819
1826
1833
1840
1847
1854
1861
1868
1875
1882
1889
1896
1903
1910
1917
1924
1931
1938
1945
1952
1959
1966
1973
1980
1987
1994
2001
2008
2015
2022
2029
2036
2043
2050
2057
2064
2071
2078
2085
2092
2099
2106
2113
2120
2127
2134
2141
2148
2155
2162
2169
2176
2183
2190
2197
2204
2211
2218
2225
2232
2239
2246
2253
2260
2267
2274
2281
2288
2295
2302
2309
2316
2323
2330
2337
2344
2351
2358
2365
2372
2379
2386
2393
2400
2407
2414
2421
2428
2435
2442
2449
2456
2463
2470
2477
2484
2491
2498
2505
2512
2519
2526
2533
2540
2547
2554
2561
2568
2575
2582
2589
2596
2603
2610
2617
2624
2631
2638
2645
2652
2659
2666
2673
2680
2687
2694
2701
2708
2715
2722
2729
2736
2743
2750
2757
2764
2771
2778
2785
2792
2799
2806
2813
2820
2827
2834
2841
2848
2855
2862
2869
2876
2883
2890
2897
2904
2911
2918
2925
2932
2939
2946
2953
2960
2967
2974
2981
2988
2995
3002
3009
3016
3023
3030
3037
3044
3051
3058
3065
3072
3079
3086
3093
3100
3107
3114
3121
3128
3135
3142
3149
3156
3163
3170
3177
3184
3191
3198
3205
3212
3219
3226
3233
3240
3247
3254
3261
3268
3275
3282
3289
3296
3303
3310
3317
3324
3331
3338
3345
3352
3359
3366
3373
3380
3387
3394
3401
3408
3415
3422
3429
3436
3443
3450
3457
3464
3471
3478
3485
3492
3499
3506
3513
3520
3527
3534
3541
3548
3555
3562
3569
3576
3583
3590
3597
3604
3611
3618
3625
3632
3639
3646
3653
3660
3667
3674
3681
3688
3695
3702
3709
3716
3723
3730
3737
3744
3751
3758
3765
3772
3779
3786
3793
3800
3807
3814
3821
3828
3835
3842
3849
3856
3863
3870
3877
3884
3891
3898
3905
3912
3919
3926
3933
3940
3947
3954
3961
3968
3975
3982
3989
3996
4003
4010
4017
4024
4031
4038
4045
4052
4059
4066
4073
4080
4087
4094
4101
4108
4115
4122
4129
4136
4143
4150
4157
4164
4171
4178
4185
4192
4199
4206
4213
4220
4227
4234
4241
4248
4255
4262
4269
4276
4283
4290
4297
4304
4311
4318
4325
4332
4339
4346
4353
4360
4367
4374
4381
4388
4395
4402
4409
4416
4423
4430
4437
4444
4451
4458
4465
4472
4479
4486
4493
4500
4507
4514
4521
4528
4535
4542
4549
4556
4563
4570
4577
4584
4591
4598
4605
4612
4619
4626
4633
4640
4647
4654
4661
4668
4675
4682
4689
4696
4703
4710
4717
4724
4731
4738
4745
4752
4759
4766
4773
4780
4787
4794
4801
4808
4815
4822
4829
4836
4843
4850
4857
4864
4871
4878
4885
4892
4899
4906
4913
4920
4927
4934
4941
4948
4955
4962
4969
4976
4983
4990
4997
5004
5011
5018
5025
5032
5039
5046
5053
5060
5067
5074
5081
5088
5095
5102
5109
5116
5123
5130
5137
5144
5151
5158
5165
5172
5179
5186
5193
5200
5207
5214
5221
5228
5235
5242
5249
5256
5263
5270
5277
5284
5291
5298
5305
5312
5319
5326
5333
5340
5347
5354
5361
5368
5375
5382
5389
5396
5403
5410
5417
5424
5431
5438
5445
5452
5459
5466
5473
5480
5487
5494
5501
5508
5515
5522
5529
5536
5543
5550
5557
5564
5571
5578
5585
5592
5599
5606
5613
5620
5627
5634
5641
5648
5655
5662
5669
5676
5683
5690
5697
5704
5711
5718
5725
5732
5739
5746
5753
5760
5767
5774
5781
5788
5795
5802
5809
5816
5823
5830
5837
5844
5851
5858
5865
5872
5879
5886
5893
5900
5907
5914
5921
5928
5935
5942
5949
5956
5963
5970
5977
5984
5991
5998
6005
6012
6019
6026
6033
6040
6047
6054
6061
6068
6075
6082
6089
6096
6103
6110
6117
6124
6131
6138
6145
6152
6159
6166
6173
6180
6187
6194
6201
6208
6215
6222
6229
6236
6243
6250
6257
6264
6271
6278
6285
6292
6299
6306
6313
6320
6327
6334
6341
6348
6355
6362
6369
6376
6383
6390
6397
6404
6411
6418
6425
6432
6439
6446
6453
6460
6467
6474
6481
6488
6495
6502
6509
6516
6523
6530
6537
6544
6551
6558
6565
6572
6579
6586
6593
6600
6607
6614
6621
6628
6635
6642
6649
6656
6663
6670
6677
6684
6691
6698
6705
6712
6719
6726
6733
6740
6747
6754
6761
6768
6775
6782
6789
6796
6803
6810
6817
6824
6831
6838
6845
6852
6859
6866
6873
6880
6887
6894
6901
6908
6915
6922
6929
6936
6943
6950
6957
6964
6971
6978
6985
6992
6999
7006
7013
7020
7027
7034
7041
7048
7055
7062
7069
7076
7083
7090
7097
7104
7111
7118
7125
7132
7139
7146
7153
7160
7167
7174
7181
7188
7195
7202
7209
7216
7223
7230
7237
7244
7251
7258
7265
7272
7279
7286
7293
7300
7307
7314
7321
7328
7335
7342
7349
7356
7363
7370
7377
7384
7391
7398
7405
7412
7419
7426
7433
7440
7447
7454
7461
7468
7475
7482
7489
7496
7503
7510
7517
7524
7531
7538
7545
7552
7559
7566
7573
7580
7587
7594
7601
7608
7615
7622
7629
7636
7643
7650
7657
7664
7671
7678
7685
7692
7699
7706
7713
7720
7727
7734
7741
7748
7755
7762
7769
7776
7783
7790
7797
7804
7811
7818
7825
7832
7839
7846
7853
7860
7867
7874
7881
7888
7895
7902
7909
7916
7923
7930
7937
7944
7951
7958
7965
7972
7979
7986
7993
8000
8007
8014
8021
8028
8035
8042
8049
8056
8063
8070
8077
8084
8091
8098
8105
8112
8119
8126
8133
8140
8147
8154
8161
8168
8175
8182
8189
8196
8203
8210
8217
8224
8231
8238
8245
8252
8259
8266
8273
8280
8287
8294
8301
8308
8315
8322
8329
8336
8343
8350
8357
8364
8371
8378
8385
8392
8399
8406
8413
8420
8427
8434
8441
8448
8455
8462
8469
8476
8483
8490
8497
8504
8511
8518
8525
8532
8539
8546
8553
8560
8567
8574
8581
8588
8595
8602
8609
8616
8623
8630
8637
8644
8651
8658
8665
8672
8679
8686
8693
8700
8707
8714
8721
8728
8735
8742
8749
8756
8763
8770
8777
8784
8791
8798
8805
8812
8819
8826
8833
8840
8847
8854
8861
8868
8875
8882
8889
8896
8903
8910
8917
8924
8931
8938
8945
8952
8959
8966
8973
8980
8987
8994
9001
9008
9015
9022
9029
9036
9043
9050
9057
9064
9071
9078
9085
9092
9099
9106
9113
9120
9127
9134
9141
9148
9155
9162
9169
9176
9183
9190
9197
9204
9211
9218
9225
9232
9239
9246
9253
9260
9267
9274
9281
9288
9295
9302
9309
9316
9323
9330
9337
9344
9351
9358
9365
9372
9379
9386
9393
9400
9407
9414
9421
9428
9435
9442
9449
9456
9463
9470
9477
9484
9491
9498
9505
9512
9519
9526
9533
9540
9547
9554
9561
9568
9575
9582
9589
9596
9603
9610
9617
9624
9631
9638
9645
9652
9659
9666
9673
9680
9687
9694
9701
9708
9715
9722
9729
9736
9743
9750
9757
9764
9771
9778
9785
9792
9799
9806
9813
9820
9827
9834
9841
9848
9855
9862
9869
9876
9883
9890
9897
9904
9911
9918
9925
9932
9939
9946
9953
9960
